#SAMPLING POINTS
P01=[-1.431729583, -78.51587596]
P02=[-1.453208011, -78.51823269]
P03=[-1.362751501, -78.59156810]
P04=[-1.413923593, -78.60159360]
P05=[-1.452045387, -78.56266409]
P06=[-1.461402861, -78.57294680]
P07=[-1.437780810, -78.57855834]
P08=[-1.375585836, -78.60819772]
P09=[-1.459281046, -78.61722847]
P10=[-1.416002539, -78.61897976]
P11=[-1.433577158, -78.60376483]
P12=[-1.438337576, -78.59212876]
P13=[-1.470228801, -78.52723114]
P14=[-1.468298323, -78.58003480]
P15=[-1.488537093, -78.60500906]
P16=[-1.497923643, -78.57572740]
P17=[-1.507519200, -78.58842599]
P18=[-1.517759162, -78.59527683]
P19=[-1.510116778, -78.56719037]
P20=[-1.512711575, -78.54376354]
P21=[-1.488400604, -78.56311872]
P22=[-1.493296750, -78.54428815]
